0 5069
1 5972
2 1543
3 228
4 1419
5 228
6 228
7 144
8 1240
9 159
10 154
11 149
12 168
13 139
14 149
15 144
16 7499
17 158
18 144
19 149
20 163
21 144
22 144
23 139
24 144
25 144
26 139
27 144
28 163
29 144
30 144
31 144
32 1181
33 149
34 144
35 144
36 144
37 144
38 144
39 144
40 144
41 144
42 144
43 144
44 144
45 163
46 163
47 144
48 144
49 163
50 163
51 163
52 144
53 163
54 144
55 139
56 144
57 144
58 144
59 144
60 163
61 163
62 144
63 144
64 1260
65 144
66 144
67 139
68 144
69 144
70 144
71 144
72 144
73 144
74 144
75 144
76 139
77 163
78 144
79 144
80 144
81 144
82 144
83 168
84 163
85 144
86 139
87 163
88 163
89 144
90 144
91 139
92 144
93 168
94 144
95 163
96 144
97 144
98 144
99 144
